0.15103221534131
0.07558163323505
0.28218020867914
0.55490904211357
0.05986320279410
0.30037188466949
0.71522641168011
0.50154150539880
0.99412980911178
0.05911881608755
0.17314310783871
0.06624195786394
0.18320511861532
0.16887692612549
0.11008590357032
0.00926517899448
0.27961162628254
0.85624820016738
0.43387987234648
0.99983662249340
0.28066904615658
0.90146501001542
0.02316692216129
0.12181934907207
0.03063773228758
0.10814534433274
0.14444166414720
0.01625571743377
0.14078669899075
0.80905778666534
0.16108097136208
0.96038988242150
0.57306056615618
0.65964813821301
0.99603390801167
0.85299752286406
0.10769183975524
0.90551980590222
0.04445989642319
0.11475657042611
0.03506208946096
0.99910033711521
0.75539194948477
0.40611839666792
0.97441922590474
0.74424198909988
0.24830346256475
0.93865586860247
0.14063317660905
0.95340992939037
0.99965390713723
0.10597008597416
0.98399872173935
0.00141642896323
0.24105746242324
0.02468794255298
0.95301691841783
0.99367903253393
0.78643105694405
0.92961642105953
0.90954519159606
0.00377763386420
0.84956546108731
0.98776510146479
0.78772716104873
0.82280911248811
0.13292506686677
0.81571452206081
0.99679483131830
0.99999514493515
0.00175421221654
0.03778537865263
0.00067293904141
0.06101821865173
0.88863215491951
0.97898186087109
0.74434462956875
0.00440340453501
0.59306745768750
0.73308567572758
0.65364103468728
0.57525327753157
0.36779803987495
0.87681433878897
0.95640772092587
0.96257682964104
0.03215048816453
0.97978244527862
0.03093363821037
0.73772154364256
0.00009127335303
0.27179318070910
0.86563458193585
0.00003161142689
0.91306761955267
0.07562456933168
0.71870574923997
0.73593800696036
0.37268041367674
0.32656343307974

0.71412439425962
0.62756872524517